0026c10bbbc7eeb55a61ab696ca93923,0.03527349206841017,0.025934203097830382,0.30876824717597701,0.44278777318483137,0.1872362844729511
00296b8d69cf11d0ab2ffd2fff8890d0,0.02501550284264438,0.15416349268304008,0.025034016017488999,0.77069340465632463,0.025093583800501966
00409633f3a25a0addee81c137cc5c30,0.00024132080903618998,0.018795766312240975,0.007104123575317897,0.96583258140372596,0.0080262078996790037
00513d0702a118eebecf0691839447b4,0.00044204190276132338,0.031920629231819153,0.053424592909495208,0.8924654857444474,0.021747250211476988
005d99e5a406ba27b0f51f28f5ca95f4,0.029585178678966588,0.036807127652632068,0.024070626209447325,0.90868563334935393,0.00085143410960006913
009d96a823b6f6c085c092fb177491f6,0.043198586762195103,0.028045083001021369,0.0064013060014497334,0.90125965652849782,0.021095367706836031
00b4c1f42ae885c9447434a6c64631ff,0.00079166948862194667,0.028245711834731728,0.00078193573134973521,0.92446449522728102,0.045716187718015555
00bacab1241e1f0b8d962bd675fc7d49,0.0015102175434039463,0.028736912126690883,0.011737904091982517,0.86759173138425694,0.090423234853665671
00c69df4ec41f61da30ed2874b9fbfaf,0.17968339504228706,0.11185915918338457,0.14901152340666737,0.54144276131431457,0.018003161053346404
010b40a988094be8b5da2462ac6ca1fa,0.0041468856616746295,0.021750409773701716,0.6692429196680113,0.28970023776086856,0.015159547135743816
010d7c98089b43699d3acb75300e27c1,0.013830785263170766,0.041727391323921899,0.02615800491873882,0.75311149719286574,0.16517232130130266
013e43ae20d2d1dc599f1e7f7fd9f768,0.0001765526264612172,0.021642120774893314,0.007851907080772956,0.93141456017303836,0.038914859344834109
0142da7468f6292ffce8c10f13e4c682,0.68652189462896063,0.092985020625101847,0.00046118810401515561,0.21957404036650663,0.00045785627541581827
01895aed1d41234a5f7ab49686d2dd02,0.00099643906691227867,0.04111743656930248,0.015231799280504058,0.90498696505409348,0.037667360029187573
019ac5d57f3fd308444a0647c95fdab0,0.00022545531790619733,0.029538243909603627,0.0045979846527911088,0.93004132873096157,0.035596987388737587
019b10457e2176b8174ee4423de18f65,0.020030195405512173,0.3221380330371485,0.021492684023148197,0.6162359979981924,0.020103089535998861
01aa5850983e7d90cff063742470b747,0.00070356919562349605,0.040592910287530988,0.01843845887034945,0.90553863941420953,0.034726422232286627
01bf234dba44babf30a26d1c74b13338,8.6537635226387918e-05,0.031590963784945171,0.0073225792640443836,0.9383514176796115,0.02264850163617247
01c78bd5e529efa455f303dff9be54ba,8.1943268020502559e-05,0.031874742636708732,0.012977796561543915,0.91894508903120575,0.036120428502520986
01cf307503a2e0bb5d00ffa88d6d75a6,0.042609501320701577,0.052533020451579239,0.0008486189550799525,0.83120291170761162,0.072805947565027687
01fa418aa81bc9f903f77316686eca4d,0.068697407908931307,0.041928484353774859,0.0009544866472649111,0.8601768396480578,0.028242781441971156
022e61eafebe3d5cb81993105337a05f,0.15028916343671353,0.036466456974089352,0.042956275408228634,0.70816510341721595,0.062123000763752559
023204244227fc71318d4dda2aa70e9a,0.0072460388361385297,0.034172514095071098,0.018674320177500075,0.85206831408359129,0.087838812807699174
023d9622703cdcfdceea726ef7b8b6f4,0.00024229855640400949,0.064051566429992893,0.011537901907328556,0.85646830521951278,0.067699927886761824
0242c256b80be0e1e213864f47329517,0.011918260401262381,0.03051443470412132,0.0050607196089611332,0.27313718089429961,0.67936940439135551
025be93e9bac950653eff7a0d8b4ba90,0.00013520986274312579,0.013034565878303124,0.00095777811943687039,0.96762638916815469,0.018246056971362203
026ddff46712569505eab65d70b52631,0.00090246501035983352,0.043276015506000139,0.0078526284026645757,0.91342210016093295,0.034546790920042453
026e0c42c708378843794303ffb914cf,0.0087847201866992214,0.0087894608825122723,0.0087517366236277514,0.96471314634570515,0.0089609359614555885
0275f4aeb682ef42ee51521b769caff4,0.024658749878336619,0.028823357968506196,0.011267214405660246,0.88289553600662285,0.052355141740874092
028bba89a7b214d88a9c8f481a390976,0.0089007300668600096,0.0014893986600162713,0.036126918235330631,0.9147924756053063,0.038690477432486929
02a56ae3bd8b06023662ee505a1a6d47,0.0002823050229032746,0.017328447639433156,0.019196858744996725,0.92736026846920616,0.035832120123460778
02bdd471320668666f5d9b71f8dacdbb,0.00029591756980726174,0.37603802213870891,0.00030606615452189188,0.59023842060762344,0.033121573529338463
02c0f9413ce58475316994bcad60c93a,0.0010065512400335647,0.038833183813486244,0.0059505403791979151,0.91437280593326287,0.039836918634019364
02ed8a4928343ce8192167434517852b,0.012182224459237797,0.044969518119427808,0.04540397452852573,0.86427160753772758,0.03317267535508097
02fa8e4029e803e2633810c7dcdcdabf,0.0016258136826786556,0.022525224334370784,0.0016369776863134804,0.97255635007785723,0.0016556342187798857
030e72e72cca6516f377fb2f8cfdf359,0.00099131230522544198,0.054045220315437729,0.011586963678481397,0.90881403224442325,0.024562471456432242
0339a5ac6804d656badaf716fe7f90ff,0.0003194347988283971,0.01559307535745837,0.0024019450732263403,0.95610577807963992,0.02557976669084696
035df056081ff29c73eb36e6b8a47717,0.027771526756808777,0.018070311197435893,0.0086819690187116896,0.8447535222414867,0.10072267078555698
03afaacddb6446721635d424b9d31220,0.00060054435509452632,0.036907740068400696,0.00061156977453688988,0.78660222811786629,0.1752779176841017
03b26c5881ddaac4eb475f5f6cbb004f,0.0022907667514308243,0.061678099666314247,0.13595631099689789,0.74314102314062302,0.056933799444733903
03b3539921c38858540f992d669dfb0d,4.4926981837853489e-05,0.0075102522647844507,0.0022134723046913691,0.93395439455553542,0.056276953893150933
03be133b3627364e7fbd80ee67bcde89,0.0021515058558100202,0.027784720044685803,0.0090659449086557178,0.93474434215975022,0.026253487031098192
03ddf60ff0d0c06ea3e64187c3f25554,0.00038815281119967829,0.035810479406115446,0.020510139677345912,0.93831904431486834,0.0049721837904705291
04007d1c34d276b7aaae56898dacd7a6,0.0043407914082637111,0.028236188147291865,0.0032237360923644555,0.92457475111990373,0.039624533232176358
040b2b154e4074a72d8a7b9697ec76d2,8.198277297626301e-05,0.023699741973065718,0.0099503149020550054,0.92791861267213638,0.038349347679766554
040e1618b4c8162931abe861cb0b4dc3,0.00017068996208032032,0.021568086524937261,0.0067435640204219953,0.94415274538968696,0.027364914102873381
040fd4be7af54685d5cfece601b2bd72,0.11861814544914115,0.04478617828443502,0.014142707324697827,0.78661076979197575,0.035842199149750092
0433a3bbd35931d7aa09d6302e44fa3b,0.0014062105706880742,0.012951559446205902,0.00139116028491843,0.94550886117073552,0.038742208527452138
04622af4610eee2798b9b41ad5ca4ce4,0.00036584164213416089,0.030531151450748563,0.00035861072923722246,0.8760558476405792,0.092688548537300908
0493a74d300927ac4320401560748259,0.0031546479973984048,0.017369749826070074,0.0088329719987599795,0.92305657353290216,0.04758605664486934
049f5200ff42d974ea4cf349f00f5f71,0.00021555657907032207,0.053533346555523428,0.0024101056395990491,0.90247471264390655,0.041366278581900576
04b9df081ef4d1ebcabaf7060d016a62,0.00010958108352359728,0.039176714466881063,0.0043570635250223715,0.91387803182600436,0.042478609098568543
04bce28c942086b10169d5270e6afbe2,0.0002017705272318195,0.045533213533049927,0.028575139501842185,0.89954738284456282,0.026142493593313228
04f27aec4bea5ec7dc45dee423d8132d,0.00028402944337044408,0.040328739886339719,0.0020617163588338722,0.93662101427618283,0.020704500035273105
04f69eb4b477de6938823372ff52b45f,0.0012756907972114766,0.034348406897786669,0.031899988346325812,0.93119087627106911,0.0012850376876068965
05001f806c3f2046326a615a1e253ead,0.0010239384342182367,0.32352797325249105,0.0010311223742402744,0.57901672510516933,0.095400240833881211
05053e866f49ad89d53ec396672d04e6,0.021106255895089909,0.068200443800013513,0.010240270678401634,0.89991156071666301,0.00054146890983192684
05091833f32b043181a1acc742fd59e6,0.0041435445926416266,0.095031772932190395,0.0020984700602558418,0.86616256964972616,0.032563642765185911
0536c3b25f999f01bba7cdccc3bb21c6,8.4123099788436053e-05,0.029926346450978258,0.013628601601620282,0.93515216829827297,0.021208760549340157
054184707b362073ca4c0cfb199d6358,0.00049113026747806378,0.049975543846011994,0.0029333536480900474,0.86611364274522695,0.08048632949319294
054710958d5a84dd1e0280b7e4def403,0.0033785999879041898,0.026608088811223136,0.0050530673617241338,0.9287968095395045,0.036163434299644096
054cd18f9db3e91cc3e7eaae75bf9100,0.001037784996235762,0.03438294523324719,0.014889824329507232,0.94862023830713427,0.0010692071338755014
0555c7d13cbc2412eba18fcced96320e,0.0001714419851940474,0.012548672424392828,0.0015971605809110708,0.97457351319185281,0.011109211817649092
059c18ea701ce88479c9e10a25cb8284,0.00063510528249030584,0.039055336131848216,0.0032235302721627178,0.88632385760499821,0.070762170708500702
059ee2ddcd5192a08311abc8fdbb91be,0.009257947730984881,0.054919997610786968,0.01167311985606433,0.79551532070979192,0.12863361409237201
05a1a1b67e3d7a923f9d0ee5502757c0,0.020377061258828912,0.039833338683769245,0.010264969162296711,0.88779346143361715,0.041731169461487916
05ba273ec379d4114bdee9703b11b119,0.020890885810028563,0.10832216693881758,0.036619718794889969,0.52514043436381685,0.30902679409244704
05ca12c264fac525623245f0d6a91ac4,0.0043520254579602494,0.021136157601237018,0.02389985293511291,0.86225624669672285,0.088355717308966977
05ce38ac576d7e43ea19ab83fc5e1e75,0.0032265350855985833,0.012469159351316707,0.0068534752567244641,0.94432422947924533,0.033126600827114883
05e699f9c656b022f9bc7cd6bd821fc0,2.6744526770910346e-05,0.040615722343767473,0.0058045778007074925,0.92384688214960053,0.029706073179153598
05fd0b0b3dfd827273aea288e45a7610,0.00028578591273616566,0.036647720171328675,0.0073578779186367956,0.89817587955146228,0.057532736445836105
06165dddbf8856657d57d27600c4944c,0.0050032256659490546,0.0263989778772977,0.0057961188211588894,0.87506382878344324,0.087737848852151121
06198e0004fbbc6dbc289bc3e59b5dc9,0.0014431674111200544,0.001495243991071707,0.0014471357670782098,0.99413287144949236,0.0014815813812377101
0619f61ce3f4b48dd26a981145c3de11,7.175987896013783e-05,0.039247870454733873,0.013288538187086356,0.9208123976599043,0.026579433819315275
062e7b0129e3a7317585dd1b4169b60f,0.00014214643355393172,0.023012336526768148,0.029654703469524878,0.9179950553523053,0.029195758217847756
0643d3813709516e5ff01827dccaa5b8,0.0045388221101575277,0.021323382984761965,0.0071523223947370521,0.94839241926293893,0.018593053247404508
064b13063234b785f9b1ffb3e8cd83d4,0.0017695526205884693,0.056212799382206885,0.021809777578445065,0.85091794080509875,0.069289929613660858
065d178459940162eba43a6cb6cea9a1,0.00016643964338704576,0.033328525766935138,0.0011181107143320465,0.92386437306195868,0.041522550813386933
066646d7515dd4770603773fea338a8e,0.00069917841566154474,0.010853553254154385,0.014566824527729698,0.9233406528776319,0.050539790924822366
067a97103908c54aac43b4050ee282a4,0.00018799545168154348,0.037673843238165354,0.011408883771933618,0.92198693608985238,0.02874234144836707
067aea81c4737ee09df7590906336dd0,0.00096455172411321754,0.012674503547647212,0.012143297330196368,0.90334685948009152,0.070870787917951608
069d3c1ecb38df1cbc6f7eb1a9eed418,0.0073850353161196676,0.017597187072495801,0.007469534477506235,0.95215617470710268,0.015392068426775559
06b518afad27a44697b9a1537b643b17,0.0035075919431075049,0.033701311356432666,0.0088382494136125238,0.91734366801487777,0.036609179271969376
06c22529b6b963b4e5b99e5f0c32ca6b,0.0014906723617369643,0.2551387473751795,0.016632176961765364,0.46506963083370145,0.26166877246761677
06c61e60cd1d556951873ecdfc7b4d64,0.0013559372471190576,0.0092858300993693722,0.0060161562082266884,0.97468729691656808,0.0086547795287167731
06c91d7012543708e126abd6e35e78df,0.0018016728495065246,0.0018671066799250753,0.026096115636121676,0.73367394456758017,0.23656116026686655
06f2278f1d69304a7e009062471532d7,0.0045572101247848404,0.026186732068437423,0.10059769515887888,0.84953288367730628,0.019125478970592719
070000fbbae92791e52d3cfd9416ec1e,9.6756069697336139e-05,0.028580495034759811,0.033987827975141105,0.90859845070355649,0.028736470216845198
0718cb667d305dafb531ae7f0499ae7a,0.0010641289000118193,0.043725123345512672,0.0045611240312979969,0.9082207887485817,0.042428834974595805
07244b3fd4536a8eea069ab02057e220,0.019141249060789085,0.025796454728890014,0.0071733094344287015,0.92952291434435408,0.018366072431537945
0724fe854bd455061ba84efecdeff469,0.46801063423368272,0.038395652536070794,0.0050236379413594306,0.46118749927971753,0.027382576009169685
0764a973756be23adfe0b9cbd1113601,0.0058564900755993686,0.01738409630764982,0.0052882580975548302,0.96718833784425318,0.0042828176749428624
0792e5aaa86d2556677e00c543fb9056,0.52584634596479474,0.031252129113265963,0.0013721424560428199,0.416285064192989,0.025244318272907403
07984e080b8611a296ffe2cf96168079,0.014296584362594573,0.014300764068916529,0.014375653446466609,0.86424409265809743,0.092782905463924856
07bff0baaeab44cc1a6c62db46b7e93e,7.1933931884652659e-05,0.043948546269004692,0.0063317041741924795,0.86166570973342371,0.087982105891494453
07dee1bd8e32c610ef7a97f48912d515,0.0029853349670949853,0.040240675360334342,0.010921016978389899,0.89906108877741564,0.046791883916765191
08074f06d6882e73b4db242b38be237a,8.0214942199954031e-05,0.0091809218530088874,0.0032320867813840012,0.95389181586441685,0.033614960558990339
0814754f4657e98573e127e8dfec7c5b,0.0056117772443630143,0.19067229070142672,0.010841768285119549,0.76982708505725728,0.023047078711833476
0816ab8e335f98310a822d86c48d878a,0.00051889140404931251,0.037720539199814426,0.012312145516893951,0.89783639637868062,0.05161202750056177
0824d8e0454530db44f5b5731b6a9509,0.0084376258823513836,0.05362284445823659,0.057524201981378226,0.81065847134634028,0.069756856331693484
082521169513bb03be9be47cf5a49a80,0.00020429425382646518,0.039986084913638649,0.025436770763813874,0.89850299537327494,0.035869854695446131
082962b486e475066c002a849b1602d1,0.00066377009924818112,0.015814628938079865,0.0081271663167782511,0.95468057040487009,0.020713864241023634
0835275c886a7e4d4f756225434d7948,0.00225638108716622,0.028345388440972147,0.010598584390035181,0.93637523327620176,0.022424412805624579
0846a688fabc9c78c9bef2d0787ad5c8,0.00023005748182449917,0.021745619691333751,0.0086468966369436188,0.888687594280136,0.08068983190976213
0885e73e85b7498b02cb7579725153e9,0.044738982964626355,0.058779601700568694,0.015118367754977009,0.83176712257650964,0.049595925003318303
088bf0ed841bcc366475b3975eb1b9d2,4.0621360515234219e-05,0.040794762807036068,0.0050301842779066699,0.92651580212186946,0.027618629432672532
08a88d36f62d97ffa6a78ae20c705798,0.0024286530392658877,0.024233248720316968,0.0059851574029490305,0.94098873641842851,0.026364204419039555
08b63c2d1f60cde722e54b5faaba8780,0.63718602927510803,0.014767894179404911,0.00015564557212696426,0.279890790733196,0.067999640240164042
08d39dcf682f7c216a830fc2e0490115,0.002623675135585311,0.047065963206347775,0.012666385419015042,0.89713412502414369,0.04050985121490807
08fd13e3fa64e94274db0e398326792c,0.007549867300179371,0.0077421252068792246,0.1028253911202674,0.87427817979200939,0.0076044365806645252
090972c1cd82187583e2bbe47f024c98,0.012666151149155766,0.012644214683708001,0.012715384751767382,0.94920553508685912,0.012768714328509758
090dd511c63a028cbd1ae9f297619354,0.00012335767171551285,0.037613559040120779,0.0087889755520568023,0.91929247844796802,0.034181629288138858
0915e0e6257f657a5d67a67768efeba3,0.00015548460748295495,0.038568082245257929,0.011712823162733869,0.93629978831198413,0.013263821672540999
0918dac1397b4bd532ca821a831f9f1d,0.014187747320688128,0.038505918484106512,0.0022510662666411674,0.87702886501193666,0.06802640291662751
09201fbc6991be462d9594b915d7317e,0.13489896725833478,0.050883065381948991,0.00063460927769681472,0.69683585935152881,0.11674749873049066
093b2b3f02cb4c551c02df017053d515,0.001441285218419549,0.028091481402962387,0.0019684236915404568,0.95581655232197338,0.012682257365104213
0965593482bd2f0c044242d5282865ec,0.0038605214751851352,0.044103416816374759,0.028775130124352274,0.91938637708087745,0.0038745545032103975
096fd746d3c7e09a28db76268b6ddb80,0.0015597440631301583,0.019552591336470724,0.0048269179550337335,0.79807290947491749,0.17598783717044786
098be16ed5c6ff9a76d224c14ab3ce87,0.59127220326132801,0.08382196682113302,0.00022101539960232291,0.2835750049982389,0.041109809519697713
09addaaf90ca8567d86573fea6c36984,0.00024543699460066965,0.030013659467579584,0.011209022021720532,0.94675116829500239,0.011780713221096918
09ae5f7fa5bffd51c4fa34b77db69016,0.00070804279496317513,0.13018191589792552,0.0073445491110466889,0.84084189576840773,0.020923596427656947
09b3d294f92664a3bd9c6b4636007e2d,0.000137521508924362,0.026178093949014245,0.011486285595536652,0.95698336415954444,0.0052147347869803415
09b9cd6d5d0812344531c79d7b46c8f2,0.014684097930373353,0.033224364674528419,0.01364941409778443,0.90482378445442746,0.033618338842886321
09ceffefe811bed44aa602388d8d8193,5.9231143627808915e-05,0.037144700002860007,0.0089629387557155424,0.91416321211300566,0.039669917984790838
09d9e4007c11c36495a5b40883e44ab9,0.0018878899372137864,0.056568948839785735,0.0037755237900558552,0.89411555982803481,0.043652077604909689
0a109d4e147a228dcbbc600c628f494b,0.00045272135874572389,0.039149399053080632,0.019294979083453005,0.89607862132207106,0.04502427918264968
0a39b47bb3aa6f20ec11a113371421b9,0.57157212455475592,0.16870450603027362,0.0057864117241686677,0.24793332904086859,0.006003628649933093
0a3ce85aef77028d06c5c39f90e26862,0.00068573498909611178,0.041985612192217157,0.017880872793579704,0.93875389337283133,0.00069388665227571771
0a7c9b3e291cb491d2af55d03fb8721f,0.0052547073574261017,0.035150380355345796,0.047398601131665385,0.8633560652224187,0.048840245933144052
0a7f4d8ee46c4f7245038bdf45cd505f,0.014295515752215644,0.025845257742904963,0.0032868726158659638,0.90266523757641925,0.053907116312594261
0a9499ad0ab3ee9e89ec669882d1dc60,0.00014547245869946516,0.027464427630423865,0.0033635524987792329,0.91474781287797791,0.054278734534119633
0a9c2baf7e7a65778592854b101a14ec,0.0027264209419930754,0.27699067520687115,0.023112216828300756,0.66061564892969915,0.036555038093136059
0aa54f1043e4d6d6fef67ec18d95e625,5.2438515124769556e-05,0.03160639719709351,0.0098472692628874068,0.85657876095922347,0.10191513406567082
0ab7efcd582b43d58c1fec65058efa72,0.00032663044814040706,0.024908428455414553,0.0062013351249807537,0.96079672387877468,0.0077668820926895124
0ae27ad8fce85b8354228642403f22ce,0.0076253010657618414,0.03820742644859524,0.0068212952567160215,0.90476163984249869,0.042584337386428313
0aea4197badad7ba2ed43b1e9781bf73,0.0010132112554673979,0.061990908378281445,0.018276383563706693,0.78817275984412549,0.13054673695841892
0af4bf95d90318f7b0d7675a34a2d9a7,0.0080919835515810678,0.069497308662921073,0.00061539693310849091,0.92117608880586099,0.00061922204652841177
0b04dbae1ab57737b371f08bf79d9e41,0.0020107746339274369,0.0021258895843888478,0.028439881676708603,0.8638979722334359,0.10352548187153911
0b12516100c16f779b152858619786ff,0.0030894195597073269,0.039652276353349995,0.010610936745110267,0.88188240794479777,0.064764959397034569
0b1e2cf34f5ac658b5bddc0f4ccf84f1,0.13511002811051526,0.12332144409909418,0.0035557622875333709,0.69175247454911126,0.046260290953745863
0b51776e5e7c0fa7774a9861b33b7006,0.00019257966229865896,0.019619732629632396,0.0090783921448494061,0.88004674043959885,0.09106255512362077
0b6acff9ed0f41714dc221f416513c28,0.00062201422778696805,0.011455653628102547,0.00062164583269198913,0.9297917341195725,0.057508952191845888
0ba16be7586fd985baeb0d9b630e1f56,0.0086712014562918185,0.0032039458052748712,0.0031851858184031401,0.66277799229497025,0.3221616746250599
0bc7d44db42207835613b3a462558cd1,0.00028728434367799097,0.032061829820601746,0.085167055529444813,0.82734420362092209,0.055139626685353327
0bcba5a069310ce8d681541a9cd43192,0.004963984907555093,0.021489899052919498,0.07060137634186528,0.89199059340918474,0.010954146288475445
0c089355d338bfd167057fa0d1916e0e,0.0015138603862706657,0.17322513465352926,0.011623505635898824,0.78821235718366855,0.025425142140632708
0c09836679243717a8eb2422935c2ae5,0.00088920202404362924,0.033146165576548252,0.00089027752466347139,0.95845140541094598,0.0066229494637986839
0c0af0a3a62dcb201ad22904972b9ba2,0.0020571326526832305,0.0020886408872872286,0.05691597857114656,0.93682292570946868,0.0021153221794142849
0c14ffd3f6489ca1f4877a3ebcc22da8,0.0012421763682338924,0.021173493736475438,0.0012513898269031717,0.92201987035523414,0.054313069713153306
0c233f183168871759e81bebac78581a,0.0016051569246798598,0.015157760565695049,0.0016026747253592587,0.9326151183572986,0.049019289426967289
0c31c1429e4f71a2a9a11604394e9f83,0.004011315545685029,0.10611109555543116,0.026835376699257407,0.075634799143037709,0.78740741305658868
0c5d06511ef79fba34da417e8c751fff,5.0440077462215568e-05,0.027490257466208264,0.0038365695196238597,0.95258186014572177,0.01604087279098395
0c60918fc0964657ecd72abac7d7bfa6,0.00018251274520824924,0.025553436020467363,0.013909998874057534,0.93201393672770161,0.028340115632565114
0c61818f315e2e0bab7bc967cbcac933,0.00017432883250662027,0.03074516205905627,0.00017357255109636154,0.95134212250868599,0.017564814048654707
0c7622726b22044e75040295c5dca52c,0.00012382122295290568,0.034068056952030586,0.0051038118848522772,0.93180899007882456,0.028895319861339638
0c9bbd6882147e85224b8f225d04b4b3,0.0024417592476075802,0.011952491643005445,0.097357772902317355,0.79461238211751761,0.093635594089551855
0c9e6386de158ed997467f1640186214,0.0064014394430356135,0.03675208287059218,0.008027497673868584,0.91340749840880586,0.035411481603697767
0c9f7733ff49ac01ce5f6efd9be6043b,0.00011758677385115387,0.048307551621806152,0.0041047327465495572,0.65921868455770916,0.28825144430008393
0ca58420d5600c4988332618597b936a,0.00011776355267124691,0.042524285798362836,0.012635392463991818,0.89773256752723352,0.046989990657740531
0cbe9bf4442fb60557b84132ca860461,0.00082816313134730958,0.020030353376577624,0.0008196828931412855,0.91843717736110031,0.059884623237833529
0cc8ddf1d4b45e2995e86676d623171d,0.0012559528071082345,0.048808206806303954,0.0045062528868225048,0.93321712156854009,0.012212465931225163
0cd94bb8c729d582b7f698cd1e55cd7f,0.00011367848595472259,0.054637117087857956,0.035789140139193619,0.87055751621320721,0.038902548073786396
0d14593b655e380ea0d20de3ae028d07,0.0018705318321661961,0.029456809093339687,0.022791494250568225,0.84542762569143304,0.10045353913249293
0d2e90f5b51a1df747c7778c445c2948,0.011374756640747587,0.041367063774208727,0.021804933141133947,0.91529676623114409,0.010156480212765537
0d44b4996f9a49b542cbf377ad7ba454,4.3828462146290157e-05,0.036415236258032571,0.010015037132106226,0.90349756493675881,0.05002833321095608
0d4a51e22f36151b2e435ce3fd4eb6f9,0.00018574547257114678,0.038849670788347369,0.012825557933803423,0.91072637151117486,0.037412654294103162
0d5159e04c042f0d1674b5011d8ad501,0.003959558194656208,0.018721083474951692,0.0088774179184479187,0.94059868870723218,0.027843251704712042
0d6db2f52f5ed2854d1447cc44d7b451,0.0051753250650025525,0.024044568059960823,0.013732706385958644,0.90870364892752409,0.048343751561553842
0d893dd4a6f4f79fd6376a3212c8ff49,8.4719199286586148e-05,0.019824038039543735,0.0014507120892751628,0.96383405807238787,0.014806472599506727
0dc7ae6c1a21f62716eb049d03d8ac27,0.00048445205869202397,0.035532507007047555,0.00048442674347166795,0.9477075393279909,0.015791074862797835
0df790b78ceea52b3ee4a6825c96f4a1,0.02716339642646742,0.073015271010282309,0.0010160765787950517,0.89778173268474415,0.0010235232997111731
0e06308bbd1b597fa0817c2fbf005dfe,0.0024951240816224992,0.037937539237298541,0.0089209054223750774,0.91883611812335786,0.031810313135346033
0e09a1e89675e72bc2c3f2fac504fced,0.0042361159184326185,0.024149049109528711,0.0028948544363833831,0.96301794134463858,0.0057020391910166633
0e0b122ce777606ae73dd055d76fc1c7,0.067464141650594625,0.066904258945010911,0.066933858221474143,0.73188738482232363,0.066810356360596665
0e1b88bcb9f1595af5857e03d719fca4,0.038173847488173103,0.023052911847395937,0.024654449453395611,0.87530903268744809,0.038809758523587319
0e3df52827fa544d1d7a1b754da12f5d,0.011290541471065006,0.020202238922499938,0.022249920489048794,0.91464362610190264,0.031613673015483582
0e3fdb89c7706b13891170ab2a9017c7,4.5052641025053339e-05,0.019945010064035481,0.0091783385192500642,0.9429612955067822,0.027870303268907246
0e87529d425548de0ca7b28d7af5e85a,0.011791587070284047,0.68614386038677011,8.9314471889696812e-05,0.29204177599759407,0.0099334620734621935
0ea16c6b915842c8d83ffd55fe9e1797,0.0021443795291882848,0.039895342310688371,0.046039957273538414,0.87798607581069477,0.033934245075890192
0eb24cf4a51e7c3c6338249bf4210fb5,0.0042446539574258618,0.00096132701129562361,0.021903188536612161,0.91335842029787284,0.059532410196793499
0ee1aaaafb1a87666da36423d2ba4b41,0.0059107290652150018,0.00602415804234237,0.0059560491571326755,0.97587581304686588,0.006233250688444116
0ee53f09f8790fb21a9080e404290c89,0.00019475466203028709,0.038722293538850365,0.0013575002641251768,0.74822783375883295,0.21149761777616125
0f0f2309e273495e1a909fab1c3859e6,0.0026866515246166322,0.043704909054554347,0.019633100560594786,0.85713779620658637,0.076837542653647908
0f202da497c23b22f48be9fde39baf0c,0.0053399573096841856,0.042007706709527852,0.048445931035967595,0.87139460371995203,0.032811801224868278
0f4344fa79fb4f50c1688f7acfac24e3,0.26759651348997471,0.04362478518539839,0.0074201322902496016,0.62744305627349817,0.053915512760879157
0f67d6e7e9ffc36f686480e19ba53a52,0.00013526090835229657,0.035150143740515137,0.017791546479908219,0.91075409301827381,0.036168955852950525
0f72f5ee8b637026b51128309afd78e0,0.79662370315717224,0.029833392329439781,0.0001744375063332618,0.1609966802263359,0.012371786780718761
0f967a7f710fbc45070c6f5665493f15,0.094074160985996566,0.02786032600325972,0.007130641220837947,0.72152312630213544,0.14941174548777036
0fa3cff67be5df0063d5bd11b137ff30,0.0069733410910160975,0.05103319946589948,0.015527335132376415,0.90957277431962946,0.016893349991078586
0fb21345bc50300a2536053d2eeb3b19,0.063624936440931784,0.00071933904919445043,0.00071752569189240405,0.88457187360710077,0.050366325210880636
0fb27076038e6bee951b288fe8c258b4,0.0024838487473496447,0.083606472471521726,0.018795403554737883,0.86094975798545115,0.034164517240939503
0fe212357f37430712d39dc0ac5fd80a,0.0018217162771525814,0.035132412102137543,0.0035755180823728821,0.94132400083290091,0.018146352705436037
100101557511957dfa9825be994aae0d,0.0046557067026249538,0.0046692827091570667,0.0046564688466409088,0.9813520574911917,0.0046664842503854219
10011d876964d57eba5dd59d62b78de4,0.39995066683596464,0.020658747447194471,0.0028369490608605428,0.57368822225368266,0.0028654144022976524
1008516108bfe0ddc9bf55b3ab754c15,0.00011903329792038409,0.035119584252977752,0.028615456289678418,0.8804456749873607,0.055700251172062801
1019f9a9f42c3537ae94cc0b92935f0c,0.12890817014510092,0.06114670523124438,0.015684215186728575,0.5645984034352004,0.22966250600172572
1036c3fd8e4bc502f7bcf4a9b2da8a8e,0.00025751264208704867,0.027593062858778647,0.0054305762863434987,0.95517340838432307,0.011545439828467752
103726f89e759665962f80bb11c361d5,0.0010048878810582349,0.035649905926857219,0.0010069194899341577,0.96132138480921503,0.0010169018929353196
103940fcc8c264295b23a3e052ac1f18,0.0013416873346167263,0.039253572785794402,0.0030927061562221591,0.92321351682830355,0.033098516895063178
1062638e472b6283915d31cf4ba5de30,0.0070279363538293064,0.034941100146910604,0.03630572340427466,0.88822579146562186,0.033499448629363569
1076008429bf5dda2442d2a2c83c2229,0.00014280950707556972,0.026656754492820966,0.010534895659280437,0.94827990406647011,0.014385636274352964
1078a8dd8b5d363d72b4bf7c6b2b3f6d,0.0013224987681502297,0.031304890117760803,0.025572483075456759,0.94048157077409755,0.0013185572645347064
108d50f652c8b39ae8be27541467e235,0.0080769021907357418,0.023194603996991806,0.008504273418447306,0.90125728003986261,0.058966940353962605
10aef9f9c929fbfcffa58b68eda20dfb,0.23408289773680735,0.47479769806000066,0.00020364741103555222,0.27930959949942435,0.011606157292732195
10ddf33930090972d9d41ce0c2bf64e4,0.00065070814931520121,0.027765197393785274,0.09464857849102408,0.87628733845130768,0.00064817751456772339
10fa24953a74420b4261bd98698b4129,0.00057104084328182467,0.041611243281220747,0.0045676267306513736,0.72016891108009662,0.23308117806474954
11067d1e812cd4e0bbedbddaf0482b31,0.00022424756840602056,0.028661782791227091,0.0022126115327152679,0.95952016211646673,0.0093811959911848652
115668c86f69e7b7fa24bd6492ca7ca1,0.015426482744240107,0.016278432905061653,0.015751921907382956,0.93683602364734719,0.015707138795968158
117ec55847f395c51590850e28f51134,0.0013895419003027913,0.079179162899016359,0.00914431514346431,0.77514810070360018,0.13513887935361629
118cebbcdfbf16ee796795878df5bd64,0.014294758291595893,0.014312438246290174,0.014292743778125587,0.94279026703726798,0.014309792646720399
1198ca8735ecbf564f02cf9160aacf01,7.0923193180025347e-05,0.022973136910200562,0.0056757615418973409,0.9339138952108974,0.037366283143824612
1199ee230f1fd37bef38ea31bfab0908,0.00037730060388755992,0.019485946091545924,0.014794460214475271,0.95509328975637675,0.010249003333714599
119aad69d66906e2b748bacd5e2e79ae,0.00035521698774919661,0.049448127874742523,0.023475840537019056,0.88405423657822346,0.04266657802226563
11c7822506a7372acbd8084095669ea3,0.028796068196590204,0.32504921810274112,0.028847244279992846,0.42447804693486663,0.19282942248580923
11d48665b8fa4d6e54ae4580db3ef154,0.0025229351452311032,0.030088777802136788,0.0066272815928043885,0.95315310661666675,0.0076078988431610064
120495345232fb34a725ca6d68ba77b1,0.00030380224980733952,0.033241456466514704,0.018579508499673932,0.92365536620573396,0.024219866578270122
120a4e166c7490ee7fc027228b8223da,0.017112026897376516,0.023300235289516313,0.0052269810614983449,0.92400639584437239,0.030354360907236578
12134f3776d65d6a28c0b07d976ad4b7,0.0040465215355425729,0.037537843165978899,0.004533739639944738,0.83153470613775082,0.12234718952078287
12291e06a9b01bc2c2cfbd7728828a5d,0.00037154694197124558,0.01965147663338827,0.0083695007495723835,0.89336948668736127,0.078237988987706925
1230d2434b5ec5d1c01e0e05949c13cd,0.0036213553904349011,0.020935996223874261,0.01606198174828203,0.76422278464108773,0.19515788199632109
125eabc3ff3e44cc0855fb9c7ad82536,0.85690354078554665,0.064159842136629147,5.952132734798049e-05,0.07294335353709068,0.0059337422133855702
12683569f8eb422f4bb20a12ef3856b4,0.00045264956500912782,0.027426061326991453,0.013434324559572759,0.9175184180079361,0.041168546540490625
12727c32ba083bfb2061592a414efbdf,0.052083475178303522,0.041577517235560697,0.044299800751332982,0.81503029232310886,0.047008914511693867
128f1e4b23497b3498884ba2be632ea3,0.0010335781549790618,0.021908755612879152,0.013833351872650277,0.96217631143480742,0.001048002924684118
12a33ab542432efecdf2b0cb57bb49b7,0.14868725756927048,0.056269637938214281,0.23242834823096034,0.46138227150538169,0.10123248475617322
12b23fa2a1cb98837cbe2f5fd750a289,0.00030503380275415624,0.1988535216772675,0.00030226421397959197,0.62754777514530469,0.17299140516069406
12cc3ba5c6dcfea5596a408720c63453,0.0046726159829886676,0.016250092389726752,0.0060321380581145126,0.92584141261863628,0.047203740950533847
12d4c884b360ba9ec2a02a2cedc7657b,0.0028587371107484695,0.10608363434166011,0.0028458924289444208,0.88530281275715417,0.0029089233614926395
12e52ab26108a3ab713ed05538e6e4a5,0.04489694874939721,0.003650975338503764,0.0036540694171488535,0.94420139188812302,0.0035966146068272032
1313c8ec85aeaa1803413245e2e36deb,0.0026525321963579186,0.030057517116871196,0.0065230729923841553,0.94354435098970024,0.017222526704686401
131db976593bd42c747ba384d46d76c1,0.00027554398394999266,0.016520823861789085,0.0061057033377486013,0.9675475925414212,0.0095503362750909392
1323308de79e2cb01d5792103b8ed2d9,0.00061969507172047415,0.0055787524018643389,0.015969941122902495,0.92858766816646354,0.049243943237048983
1339b095521010403f11117a72990bd9,0.10939502262598073,0.092933990207466732,0.00089489119635731971,0.76777080215636495,0.029005293813830272
134ff762503939009e98fdddbcd2f6e3,0.00018249039818861055,0.077511023426753478,0.0035686353001112077,0.88933425845687319,0.029403592418073433
136437eed3a41984339b6c7833aff70b,0.0001471425338310177,0.035810697477094734,0.0084966897709686639,0.81528308034216945,0.14026238987593628
1366d9819c73c5ea5afd6d8b20b617aa,0.0013373284736071891,0.012951261840329981,0.021159157906726053,0.94998145732615502,0.014570794453181785
137ad38a4369bacbe82fe47bbf84ace4,0.0003118637034859288,0.025322431857517917,0.022240318358658688,0.91155441971703299,0.040570966363304428
138f526579ebe1830be2b91f7e962bcd,9.5353814794716405e-05,0.02311388000075849,0.0040706095088247568,0.90635057805927144,0.066369578616350691
13b29ca21c14e42ee9c7ffc9d2d72825,0.00013458137557605747,0.035861476975626416,0.0054942923405548356,0.94047077406278756,0.01803887524545502
13c7778ea36f05b33ad5ad6607f47b43,0.0003542688334961422,0.078697054886275528,0.016453244586262728,0.83143411167966508,0.073061320014300699
13eae401823e9443b5a14fcc963256b5,0.017902301050954174,0.031409910736230166,0.011110636453989206,0.91593207934048937,0.023645072418337243
13f41e6da2a2e40268d41afe7ce5e41f,0.00057263392542553949,0.029989799479483964,0.033752787679849072,0.89072094048244721,0.044963838432794147
13fdfbf3c1cb1213311c54cd61135140,0.042385087995225064,0.048878548735665023,0.0034081640749153426,0.14704487453543605,0.75828332465875847
13fe8410b7705f6ad0969b4a7912e7c3,0.0013463154992397342,0.054465135627192081,0.034575636986947766,0.85996735762904031,0.049645554257580229
141c87b890b49050eb35ae261bcdd0b1,0.0066989247465299205,0.045119382154309426,0.0097619592717282568,0.90960540519416011,0.028814328633272383
142635bd7f9ed8e4d8c292fa6ccd9aa4,0.0005480712363327083,0.034236186606326539,0.00055255308561422936,0.95083957816858289,0.013823610903143635
14500589fa9b9f927ed31bfa6c145235,0.017703392638367937,0.0027805635109533992,0.0027527552757848138,0.97399295367935035,0.0027703348955435136
148d5950fa35b2150eff07d2e4178683,4.9777467874697245e-05,0.031396351444225104,0.013368193846274459,0.9173834928035508,0.037802184438075079
148fc93865c756967c57a8a16c30bcd1,0.024236864855193736,0.029323360688565687,0.0111926096967152,0.93363597283893629,0.0016111919205890929
14a223495c0d79f1efb879dc0a49280d,0.0013211339962538886,0.046579393715989618,0.003165390436855028,0.91213344571128874,0.036800636139612701
14a8ca9e98cb19ac922b55ffde0ea0b7,0.01386471861490071,0.034386792047741567,0.0086690934975911429,0.8858776103135404,0.057201785526226283
14ac016da662df3ddcdc97a561f47102,0.00014124580653306393,0.040857945335200804,0.017296922347928213,0.89895609710869062,0.042747789401647335
14b7d8acb30e099a019b445c4bf8bec0,0.0055337791496347022,0.028449857594378739,0.018196749089729337,0.87890030423257948,0.068919309933677758
14d3eeab189b70327fec47c1f0e8b9a5,0.0008027224255799392,0.079906396741606919,0.00082200917649217868,0.89567188618002436,0.022796985476296706
14ebf288d79410a0591d9bf5ff8deff1,0.0037307399934481235,0.019430094392303979,0.003566130653353631,0.95404651031969168,0.019226524641202607
14f57af466dd9a6765721dda24d60214,0.001897806226050283,0.029545077250839585,0.0057409411975889021,0.94720868904448052,0.015607486281040528
15075396da708df0842101d8613d7867,0.0025257992631500894,0.041033391972906674,0.0015656704694652684,0.90953796348378191,0.045337174810696129
15152287f28dfa9133a360c8cefd8357,0.00021326233841189668,0.024485487885374298,0.0067861165137712747,0.94974226776787729,0.018772865494565208
1546544c7a60c23b6b30867772da6578,0.0049951680161976382,0.043359686480944855,0.0051357477161147608,0.92003401262148121,0.026475385165261441
157b749adf2608d8da539c9191f9c360,0.00019442760852845996,0.056854013031422797,0.0097367839912881251,0.87997812887110227,0.053236646497658226
15893983b920c219ff7e67ed1b5bd3c1,0.00012140294105494729,0.027211317346484212,0.0078540226825627672,0.9468039599381407,0.018009297091757373
15aaef6b292a0bb173aeb1518923b92e,0.009102233551944533,0.0091171517672836155,0.0098973174299221249,0.96200924162216872,0.0098740556286810131
15e49a76a24e0be518cb709802cd23f9,0.58764424510222601,0.082055790805299622,0.00012358873037000598,0.29411617780959182,0.036060197552512538
163225e2fc221e0026910f8dfd9ca16d,0.021882697062049736,0.0014756410123735373,0.22041346495320821,0.7330366231972173,0.02319157377515129
163fa45afea3a0a8046a443ab6d4009f,0.01279478504068671,0.0492083050429028,0.10391112206535945,0.7995497959684611,0.034535991882589864
165b24dc34306da2419e97bcbec9c09e,0.00039672177842584727,0.016212928283677201,0.0174134122419435,0.95043108870604776,0.015545848989905792
168636fa9c098b1215c530d05fffd9a0,0.00010993659301006866,0.023984162141917922,0.0097232906224553051,0.89549023663256422,0.070692374010052558
16b192d064be90fcf945427f98622166,0.0026429899422258235,0.023464329692273259,0.0098253048769798412,0.93344636510773804,0.030621010380783062
16ee2b2bec0efca790e51538e2b008e7,0.0074490852888814173,0.037288020826547398,0.0071897416209555469,0.90694228151650791,0.041130870747107563
16ffdb1dd4733d9bc76fe5e1aeee339f,0.0013782130344999221,0.021716606322526977,0.013578063445069349,0.93789745779754641,0.025429659400357366
170f122f973644f6edb470e66937bd19,0.0035167911696658391,0.0035357194921497126,0.0036795640874301982,0.98559086539662311,0.0036770598541310605
1711cf1c3b9f003abb7b2de0606f73e5,0.00019678317488807816,0.033485619993568742,0.0055018110231077593,0.93698830953591838,0.023827476272517179
1729ac1c5673a08e2d6b6326f5ad5537,0.040655507984213926,0.039540114070721687,0.00035151836689482327,0.67067165495755421,0.24878120462061537
17443b3af88049dda1b7ac15d2ac29fe,0.0013261366440747947,0.081269567615638499,0.0012715468133277226,0.26564259712062088,0.65049015180633796
1744f5ff1d5843684b4eeb257cd152ea,0.0085868990398330399,0.037830078699417305,0.0084275173191943643,0.91339984081465708,0.031755664126898273
174dd5a97fcf12217ff46f4e593e669a,0.00016325234195363169,0.028658338484343425,0.0045077409513868474,0.93186270433394691,0.034807963888369077
1789589a6d2bba0f09d768f8f3445be5,0.0045402039399048532,0.048586435624069835,0.0094503927338259828,0.86475117138936375,0.072671796312835463
17938acf2d8d382eac91a3072bcae8b5,0.00020489298658049273,0.042593142701653916,0.0032069183352110876,0.89228788223770195,0.061707163738852613
17aaa8cd576616e383b0fdab21be07ce,0.0017905009968995505,0.030256760467981439,0.0002932455747117216,0.96115149706674885,0.0065079958936584822
17ab96c7ead5efc8288092f148a82160,7.6352448293908753e-05,0.04156986173558927,0.0032754101564056613,0.82645873326027797,0.12861964239943327
17ae948c1334be2c9ae6d07f1f6ca4bf,0.01347834187292782,0.019301689594023907,0.012693385002174939,0.91977774090993469,0.034748842620938768
17e72d9733728cbff4812c5750a3678b,0.003909837115401665,0.0092653353479170454,0.010250075220877336,0.94722037615351651,0.029354376162287414
1846cab0c654b3b49d2ed26ee74319c5,0.00012844457594728988,0.021917885049771747,0.0050550789492638231,0.95858746158839592,0.014311129836621122
184dd29150c526cc5762a7289113ce56,0.21312429449536047,0.07102612774073927,0.0015574346947701437,0.66984866343913696,0.044443479629993225
185b056fd996a0aa389ca8c04996a365,0.60165021490024784,0.13134726896562654,0.00010894000127720365,0.22539382740797864,0.041499748724869723
1860945dffb64a32a192183d28398b2c,0.00014322623995848899,0.12588659001170846,0.015845947654876152,0.74110971894914768,0.11701451714430915
18717044e8ffb368230dd657fb836073,0.29673043022897749,0.087268999875034572,0.00032457315598681313,0.41509711248748088,0.20057888425252018
18777be6f07a938f5e4525eeb77dfdb2,0.36524281916502987,0.046593070569023801,0.01114312673463729,0.49394692144176949,0.083074062089539505
18af56cee72f4b5e2545960db81bbcd5,0.70436088915546202,0.0071376128017816461,0.00025311964881190102,0.24611046128569,0.042137917108254479
